0 4.0399999999999998e-02 3.4799997481950277e-02 4.0399999999999998e-02 3.4474997481955233e-02 1
0 4.0799999999999996e-02 3.4799997481950277e-02 4.0799999999999996e-02 3.4474997481955233e-02 1
0 4.1200000000000001e-02 3.4799997481950271e-02 4.1200000000000001e-02 3.4474997481955233e-02 1
0 4.1600000000000012e-02 3.4799997481950271e-02 4.1600000000000012e-02 3.4474997481955233e-02 1
1 3.9600000000000003e-02 3.4799999999999998e-02 3.9600000000000003e-02 3.4474999999999999e-02 1
1 4.0000008740966438e-02 3.4799998740947823e-02 4.0000006695049779e-02 3.4474998740959044e-02 1
0 4.0399999999999998e-02 3.4474997481955233e-02 4.0399999999999998e-02 3.4455530000000005e-02 2
0 4.0799999999999996e-02 3.4474997481955233e-02 4.0799999999999996e-02 3.4455530000000005e-02 2
0 4.1200000000000001e-02 3.4474997481955233e-02 4.1200000000000001e-02 3.4455530000000005e-02 2
0 4.1600000000000012e-02 3.4474997481955233e-02 4.1600000000000012e-02 3.4455530000000005e-02 2
1 3.9600000000000003e-02 3.4474999999999999e-02 3.9600000000000003e-02 3.4455532518044715e-02 2
1 4.0000006695049779e-02 3.4474998740959044e-02 4.0000006572499483e-02 3.4455531259004191e-02 2
0 4.0022695000000004e-02 3.5422704999999999e-02 4.0122700468759528e-02 3.5322699531240474e-02 3
0 4.0299994999999998e-02 3.5700005000000000e-02 4.0400000468759523e-02 3.5599999531240475e-02 3
0 4.0599995000000007e-02 3.6000004999999995e-02 4.0700000468759531e-02 3.5899999531240470e-02 3
0 4.0849995000000007e-02 3.6250005000000009e-02 4.0950000468759531e-02 3.6149999531240484e-02 3
1 3.9499994843759580e-02 3.4900005781276569e-02 3.9600000000000003e-02 3.4799999999999998e-02 3
1 3.9800000000000002e-02 3.5200009999999997e-02 3.9900005468759533e-02 3.5100004531240472e-02 3
0 3.9922692843656585e-02 3.5522707156343425e-02 4.0022695000000004e-02 3.5422704999999999e-02 4
0 4.0199992843656579e-02 3.5800007156343419e-02 4.0299994999999998e-02 3.5700005000000000e-02 4
0 4.0499992843656588e-02 3.6100007156343414e-02 4.0599995000000007e-02 3.6000004999999995e-02 4
0 4.0749992843656588e-02 3.6350007156343428e-02 4.0849995000000007e-02 3.6250005000000009e-02 4
1 3.9399992999923798e-02 3.5000008250127800e-02 3.9499994843759580e-02 3.4900005781276569e-02 4
1 3.9699997843656576e-02 3.5300012156343416e-02 3.9800000000000002e-02 3.5200009999999997e-02 4
0 3.9872700000000011e-02 3.5572699999999992e-02 3.9922692843656585e-02 3.5522707156343425e-02 5
0 4.0150000000000012e-02 3.5849999999999993e-02 4.0199992843656579e-02 3.5800007156343419e-02 5
0 4.0450000000000014e-02 3.6149999999999988e-02 4.0499992843656588e-02 3.6100007156343414e-02 5
0 4.0700000000000014e-02 3.6400000000000002e-02 4.0749992843656588e-02 3.6350007156343428e-02 5
1 3.9350000312495553e-02 3.5050001250012293e-02 3.9399992999923798e-02 3.5000008250127800e-02 5
1 3.9650005000000009e-02 3.5350004999999990e-02 3.9699997843656576e-02 3.5300012156343416e-02 5
0 4.0399999999999998e-02 3.4455530000000005e-02 4.0399999999999998e-02 3.4404020000000000e-02 6
0 4.0799999999999996e-02 3.4455530000000005e-02 4.0799999999999996e-02 3.4404020000000000e-02 6
0 4.1200000000000001e-02 3.4455530000000005e-02 4.1200000000000001e-02 3.4404020000000000e-02 6
1 3.9600000000000003e-02 3.4455532518044715e-02 3.9600000000000003e-02 3.4404022518044579e-02 6
1 4.0000006572499483e-02 3.4455531259004191e-02 4.0000006248237428e-02 3.4404021259005178e-02 6
0 3.9800000000000002e-02 3.5645400000000001e-02 3.9872700000000011e-02 3.5572699999999992e-02 7
0 4.0077300000000003e-02 3.5922700000000002e-02 4.0150000000000012e-02 3.5849999999999993e-02 7
0 4.0377300000000005e-02 3.6222699999999997e-02 4.0450000000000014e-02 3.6149999999999988e-02 7
1 3.9277300539684055e-02 3.5122701477200209e-02 3.9350000312495553e-02 3.5050001250012293e-02 7
1 3.9577305000000000e-02 3.5422704999999999e-02 3.9650005000000009e-02 3.5350004999999990e-02 7
0 3.9697064999999997e-02 3.5748335000000006e-02 3.9800000000000002e-02 3.5645400000000001e-02 8
0 3.9974365000000005e-02 3.6025635000000000e-02 4.0077300000000003e-02 3.5922700000000002e-02 8
0 4.0274365000000006e-02 3.6325634999999995e-02 4.0377300000000005e-02 3.6222699999999997e-02 8
1 3.9174365861357349e-02 3.5225636798872667e-02 3.9277300539684055e-02 3.5122701477200209e-02 8
1 3.9474370000000002e-02 3.5525639999999997e-02 3.9577305000000000e-02 3.5422704999999999e-02 8
0 3.9022700000000000e-02 3.6422700000000009e-02 3.9248335000000002e-02 3.6197065000000000e-02 9
0 3.9300000000000002e-02 3.6700000000000010e-02 3.9525635000000003e-02 3.6474365000000002e-02 9
0 3.9600000000000003e-02 3.6999999999999998e-02 3.9825634999999998e-02 3.6774365000000003e-02 9
1 3.8500002968758516e-02 3.5900003906265909e-02 3.8725637263646071e-02 3.5674368201155202e-02 9
1 3.8800004999999992e-02 3.6200005000000000e-02 3.9025640000000000e-02 3.5974369999999999e-02 9
0 3.8745399999999999e-02 3.7354610000000003e-02 3.8745399999999999e-02 3.7199969895146651e-02 10
0 3.9600000000000003e-02 3.7354610000000003e-02 3.9600000000000003e-02 3.7199969895146651e-02 10
0 3.9200010000000000e-02 3.7354610000000003e-02 3.9200010000000000e-02 3.7199969895146651e-02 10
1 3.7999999999999999e-02 3.7354619698063377e-02 3.7999999999999999e-02 3.7199979593245509e-02 10
1 3.8400009635302525e-02 3.7354614493704398e-02 3.8400005611412498e-02 3.7199974388922002e-02 10
0 3.8745399999999999e-02 3.7199969895146651e-02 3.8745399999999999e-02 3.6999999999999998e-02 11
0 3.9200010000000000e-02 3.7199969895146651e-02 3.9200010000000000e-02 3.6999999999999998e-02 11
0 3.9600000000000003e-02 3.7199969895146651e-02 3.9600000000000003e-02 3.6999999999999998e-02 11
1 3.7999999999999999e-02 3.7199979593245509e-02 3.7999999999999999e-02 3.6999999999999998e-02 11
1 3.8400005611412498e-02 3.7199974388922002e-02 3.8400000407879199e-02 3.6999999999999998e-02 11
0 4.0399999999999998e-02 3.4404020000000000e-02 4.0399999999999998e-02 3.4299999999999997e-02 12
0 4.0799999999999996e-02 3.4404020000000000e-02 4.0799999999999996e-02 3.4299999999999997e-02 12
1 3.9600000000000003e-02 3.4404022518044579e-02 3.9600000000000003e-02 3.4300002518044298e-02 12
1 4.0000006248237428e-02 3.4404021259005178e-02 4.0000005593418195e-02 3.4300001259007180e-02 12
0 3.8922709999999999e-02 3.6522690000000010e-02 3.9022700000000000e-02 3.6422700000000009e-02 13
0 3.9200010000000000e-02 3.6799990000000012e-02 3.9300000000000002e-02 3.6700000000000010e-02 13
1 3.8400013281228620e-02 3.5999994218735253e-02 3.8500002968758516e-02 3.5900003906265909e-02 13
1 3.8700014999999990e-02 3.6299995000000002e-02 3.8800004999999992e-02 3.6200005000000000e-02 13
0 3.8745399999999999e-02 3.6854587401589964e-02 3.8745399999999999e-02 3.6799990000000019e-02 14
0 3.9200010000000000e-02 3.6854587401589964e-02 3.9200010000000000e-02 3.6799990000000012e-02 14
1 3.8000002423437228e-02 3.6854593766250297e-02 3.8000003333393921e-02 3.6799996364662746e-02 14
1 3.8399996624215046e-02 3.6854591895437439e-02 3.8399995203536111e-02 3.6799994493870759e-02 14
0 3.8745399999999999e-02 3.6999999999999998e-02 3.8745399999999999e-02 3.6854587401589964e-02 15
0 3.9200010000000000e-02 3.6999999999999998e-02 3.9200010000000000e-02 3.6854587401589964e-02 15
1 3.7999999999999999e-02 3.6999999999999998e-02 3.8000002423437228e-02 3.6854593766250297e-02 15
1 3.8400000407879199e-02 3.6999999999999998e-02 3.8399996624215046e-02 3.6854591895437439e-02 15
0 4.2927765000000014e-02 4.0127764999999996e-02 4.3055530000000009e-02 4.0000000000000001e-02 16
0 4.2500000000000003e-02 3.9699999999999999e-02 4.2627765000000012e-02 3.9572234999999997e-02 16
0 4.2200000000000001e-02 3.9399999999999991e-02 4.2327765000000003e-02 3.9272234999999989e-02 16
0 4.1827768136409274e-02 3.9027769159025671e-02 4.1955532785405134e-02 3.8900003808022388e-02 16
0 4.1527768960588365e-02 3.9327769983202761e-02 4.1827768136409274e-02 3.9027769159025671e-02 17
0 4.1899999999999993e-02 3.9699999999999999e-02 4.2200000000000001e-02 3.9399999999999991e-02 17
0 4.2200000000000001e-02 4.0000000000000001e-02 4.2500000000000003e-02 3.9699999999999999e-02 17
0 4.2627764999999998e-02 4.0427765000000011e-02 4.2927765000000014e-02 4.0127764999999996e-02 17
0 4.1512769001797324e-02 3.9342770024411611e-02 4.1527768960588365e-02 3.9327769983202761e-02 18
0 4.1884999999999992e-02 3.9715000000000000e-02 4.1899999999999993e-02 3.9699999999999999e-02 18
0 4.2185000000000000e-02 4.0015000000000002e-02 4.2200000000000001e-02 4.0000000000000001e-02 18
0 4.2612765000000011e-02 4.0442764999999999e-02 4.2627764999999998e-02 4.0427765000000011e-02 18
0 4.1600000000000012e-02 3.4799997481950271e-02 4.1600000000000012e-02 3.4999998741006302e-02 19
0 4.1200000000000001e-02 3.4799997481950271e-02 4.1200000000000001e-02 3.4999998741006302e-02 19
0 4.0799999999999996e-02 3.4799997481950277e-02 4.0799999999999996e-02 3.4999998741006309e-02 19
0 4.0399999999999998e-02 3.4799997481950277e-02 4.0399999999999998e-02 3.4999998741006309e-02 19
0 4.0822235000000005e-02 3.3677765000000005e-02 4.1115000000000013e-02 3.3384999999999998e-02 20
0 4.1122235000000000e-02 3.3977765000000000e-02 4.1415000000000007e-02 3.3684999999999993e-02 20
0 4.1374244999999997e-02 3.4229774999999997e-02 4.1667010000000004e-02 3.3937009999999990e-02 20
0 4.1600000000000012e-02 3.4455530000000005e-02 4.1892765000000005e-02 3.4162765000000005e-02 20
0 4.0800004999999993e-02 3.5799995000000008e-02 4.0977300000000001e-02 3.5622700000000000e-02 21
0 4.1050004999999994e-02 3.6049995000000022e-02 4.1227300000000001e-02 3.5872700000000014e-02 21
0 4.0500004999999992e-02 3.5499995000000006e-02 4.0677300000000000e-02 3.5322699999999999e-02 21
0 4.0222704999999997e-02 3.5222695000000005e-02 4.0399999999999998e-02 3.5045400000000004e-02 21
0 4.0700000468759531e-02 3.5899999531240470e-02 4.0800004999999993e-02 3.5799995000000008e-02 22
0 4.0950000468759531e-02 3.6149999531240484e-02 4.1050004999999994e-02 3.6049995000000022e-02 22
0 4.0400000468759523e-02 3.5599999531240475e-02 4.0500004999999992e-02 3.5499995000000006e-02 22
0 4.0122700468759528e-02 3.5322699531240474e-02 4.0222704999999997e-02 3.5222695000000005e-02 22
0 4.0399999999999998e-02 3.4999998741006309e-02 4.0399999999999998e-02 3.5045400000000004e-02 23
0 4.0799999999999996e-02 3.4999998741006309e-02 4.0799999999999996e-02 3.5045400000000004e-02 23
0 4.1200000000000001e-02 3.4999998741006302e-02 4.1200000000000001e-02 3.5045400000000004e-02 23
0 4.1600000000000012e-02 3.4999998741006302e-02 4.1600000000000012e-02 3.5045400000000004e-02 23
0 4.0000000000000001e-02 4.0100000000000004e-02 4.0156570000000003e-02 4.0100000000000004e-02 24
0 4.0000000000000001e-02 4.0500000000000001e-02 4.0155530676698900e-02 4.0500000000000001e-02 24
0 3.9999999323301942e-02 4.1299999473763831e-02 4.0155530000000002e-02 4.1299999999999996e-02 24
0 4.0000000000000001e-02 4.0899999999999999e-02 4.0155530676698907e-02 4.0899999999999999e-02 24
0 4.0399999999999998e-02 3.4299999999999997e-02 4.0399999999999998e-02 3.4100000000000012e-02 25
1 3.9600000000000003e-02 3.4300002518044298e-02 3.9600000000000003e-02 3.4100002518043772e-02 25
1 4.0000005593418195e-02 3.4300001259007180e-02 4.0000004334392561e-02 3.4100001259011047e-02 25
0 3.8745399999999999e-02 3.6700000000000003e-02 3.8922709999999999e-02 3.6522690000000010e-02 26
1 3.8222703835324792e-02 3.6177304772830043e-02 3.8400013281228620e-02 3.5999994218735253e-02 26
1 3.8522704999999997e-02 3.6477305000000002e-02 3.8700014999999990e-02 3.6299995000000002e-02 26
0 3.8745399999999999e-02 3.6799990000000019e-02 3.8745399999999999e-02 3.6700000000000003e-02 27
1 3.8000003333393921e-02 3.6799996364662746e-02 3.8000004999893922e-02 3.6700006364667158e-02 27
1 3.8399995203536111e-02 3.6799994493870759e-02 3.8399992601696423e-02 3.6700004493913356e-02 27
0 3.7984990000000003e-02 4.0515000000000002e-02 3.8000000000000006e-02 4.0515000000000002e-02 28
1 3.7984990000000003e-02 3.9800000000000002e-02 3.7999999999999999e-02 3.9800000000000002e-02 28
1 3.7984990000000003e-02 4.0200000000000000e-02 3.8000000000000006e-02 4.0200000000000000e-02 28
0 4.7945380000000003e-02 3.2114980000000001e-02 4.8344540000000005e-02 3.2114980000000001e-02 29
0 4.7945380000000003e-02 3.2500000000000001e-02 4.8344540000000012e-02 3.2500000000000001e-02 29
0 4.7940520000000000e-02 3.2914980000000003e-02 4.8344540000000019e-02 3.2914980000000003e-02 29
0 4.7000000000000000e-02 3.6299999999999999e-02 4.7000000000000000e-02 3.6749999999999998e-02 30
0 4.7500000000000001e-02 3.6299999999999999e-02 4.7500000000000001e-02 3.6755520000000000e-02 30
0 4.7814990000000002e-02 3.6299999999999999e-02 4.7814990000000002e-02 3.6755520000000000e-02 30
0 4.6359549999999992e-02 2.8915000000000000e-02 4.6914999999999998e-02 2.8915000000000000e-02 31
0 4.6359549999999992e-02 2.8100000000000007e-02 4.6914999999999991e-02 2.8100000000000007e-02 31
0 4.6359549999999999e-02 2.8500000000000001e-02 4.6914999999999998e-02 2.8500000000000001e-02 31
0 4.4706887774439527e-02 3.7837582225560468e-02 4.4920654358696896e-02 3.7623815641303106e-02 32
0 4.4985009999999999e-02 3.8114990000000001e-02 4.5199999999999997e-02 3.7900000000000003e-02 32
0 4.5385010000000003e-02 3.8514989999999999e-02 4.5600000000000002e-02 3.8300000000000001e-02 32
0 4.4700004757709605e-02 2.8085031759244150e-02 4.5059379999999996e-02 2.8085039999999999e-02 33
0 4.4700000000000004e-02 2.8500000000000001e-02 4.5059375242329516e-02 2.8500000000000001e-02 33
0 4.4700000000000004e-02 2.8899999999999999e-02 4.5059375242329509e-02 2.8899999999999999e-02 33
0 4.2200000000000001e-02 3.8655535250193690e-02 4.2327766762777330e-02 3.8527767785397321e-02 34
0 4.2872232886213821e-02 3.9327767113786188e-02 4.3000000000000003e-02 3.9200000000000006e-02 34
0 4.2572232886213812e-02 3.9027767113786180e-02 4.2699999999999995e-02 3.8899999999999997e-02 34
0 4.2100000000000012e-02 3.2950000020757653e-02 4.2100000000000012e-02 3.3000000000000002e-02 35
0 4.2599998463898101e-02 3.2950000435743497e-02 4.2599999999999999e-02 3.3004019999999995e-02 35
0 4.3000000000000003e-02 3.2949994748495699e-02 4.3000000000000003e-02 3.3004014312794733e-02 35
0 4.2100000000000012e-02 3.2750000054425389e-02 4.2100000000000012e-02 3.2950000020757653e-02 36
0 4.2599998711970698e-02 3.2750001142495100e-02 4.2599998463898101e-02 3.2950000435743497e-02 36
0 4.3000000000000003e-02 3.2750001256986926e-02 4.3000000000000003e-02 3.2949994748495699e-02 36
0 4.2100000000000012e-02 3.2450000021192131e-02 4.2100000000000012e-02 3.2750000054425389e-02 37
0 4.3000000000000003e-02 3.2450000278797839e-02 4.3000000000000003e-02 3.2750001256986926e-02 37
0 4.2599998883708412e-02 3.2450000164306068e-02 4.2599998711970698e-02 3.2750001142495100e-02 37
0 4.2100000000000012e-02 3.2249999995492377e-02 4.2100000000000012e-02 3.2450000021192131e-02 38
0 4.3000000000000003e-02 3.2250000253098106e-02 4.3000000000000003e-02 3.2450000278797839e-02 38
0 4.2599998998199863e-02 3.2250000138606370e-02 4.2599998883708412e-02 3.2450000164306068e-02 38
0 4.2100000000000012e-02 3.2200000000000006e-02 4.2100000000000012e-02 3.2249999995492377e-02 39
0 4.3000000000000003e-02 3.2200000257605749e-02 4.3000000000000003e-02 3.2250000253098106e-02 39
0 4.2599999026822717e-02 3.2200000143114020e-02 4.2599998998199863e-02 3.2250000138606370e-02 39
0 4.2100000000000012e-02 3.1250000003124022e-02 4.2100000000000012e-02 3.1300000000000001e-02 40
0 4.3000000000000003e-02 3.1250000260729757e-02 4.3000000000000003e-02 3.1300000257605737e-02 40
0 4.2599999570657035e-02 3.1250000146238195e-02 4.2599999542034181e-02 3.1300000143114168e-02 40
0 4.2100000000000012e-02 3.1049999742394266e-02 4.2100000000000012e-02 3.1250000003124022e-02 41
0 4.2599999685148618e-02 3.1049999885508474e-02 4.2599999570657035e-02 3.1250000146238195e-02 41
0 4.3000000000000003e-02 3.1050000000000001e-02 4.3000000000000003e-02 3.1250000260729757e-02 41
0 4.2074990000000000e-02 3.3025010000000014e-02 4.2100000000000012e-02 3.3000000000000002e-02 42
0 4.2552180271012999e-02 3.3503349728987004e-02 4.2579775202520966e-02 3.3475754797479038e-02 42
0 4.2326999999999990e-02 3.3277020000000004e-02 4.2354020202520958e-02 3.3249999797479037e-02 42
0 4.1892765000000005e-02 3.4162765000000005e-02 4.2049990000000002e-02 3.4005540000000008e-02 43
0 4.1667010000000004e-02 3.3937009999999990e-02 4.1824235000000001e-02 3.3779784999999993e-02 43
0 4.1415000000000007e-02 3.3684999999999993e-02 4.1572225000000011e-02 3.3527774999999996e-02 43
0 4.2127767312230162e-02 3.8727768334848610e-02 4.2200000000000001e-02 3.8655535250193690e-02 44
0 4.2799999999999998e-02 3.9400000000000011e-02 4.2872232886213821e-02 3.9327767113786188e-02 44
0 4.2499999999999989e-02 3.9100000000000003e-02 4.2572232886213812e-02 3.9027767113786180e-02 44
0 4.1955532785405134e-02 3.8900003808022388e-02 4.2127767312230162e-02 3.8727768334848610e-02 45
0 4.2327765000000003e-02 3.9272234999999989e-02 4.2499999999999989e-02 3.9100000000000003e-02 45
0 4.2627765000000012e-02 3.9572234999999997e-02 4.2799999999999998e-02 3.9400000000000011e-02 45
0 4.1877010000000006e-02 3.3222990000000008e-02 4.2074990000000000e-02 3.3025010000000014e-02 46
0 4.2129019999999996e-02 3.3474999999999998e-02 4.2326999999999990e-02 3.3277020000000004e-02 46
0 4.2349989168421968e-02 3.3705540831578042e-02 4.2552180271012999e-02 3.3503349728987004e-02 46
0 4.1797980000000019e-02 3.3302019999999995e-02 4.1877010000000006e-02 3.3222990000000008e-02 47
0 4.2049990000000002e-02 3.3554029999999992e-02 4.2129019999999996e-02 3.3474999999999998e-02 47
0 4.2275745000000010e-02 3.3779785000000000e-02 4.2349989168421968e-02 3.3705540831578042e-02 47
0 4.1572225000000011e-02 3.3527774999999996e-02 4.1797980000000019e-02 3.3302019999999995e-02 48
0 4.1824235000000001e-02 3.3779784999999993e-02 4.2049990000000002e-02 3.3554029999999992e-02 48
0 4.2049990000000002e-02 3.4005540000000008e-02 4.2275745000000010e-02 3.3779785000000000e-02 48
0 4.0799999999999996e-02 3.5045400000000004e-02 4.0799999999999996e-02 3.5200000000000002e-02 49
0 4.1200000000000001e-02 3.5045400000000004e-02 4.1200000000000001e-02 3.5200000000000002e-02 49
0 4.1600000000000012e-02 3.5045400000000004e-02 4.1600000000000012e-02 3.5200000000000002e-02 49
0 4.0647990000000002e-02 3.3852010000000009e-02 4.0822235000000005e-02 3.3677765000000005e-02 50
0 4.0947989999999997e-02 3.4152010000000003e-02 4.1122235000000000e-02 3.3977765000000000e-02 50
0 4.1200000000000001e-02 3.4404020000000000e-02 4.1374244999999997e-02 3.4229774999999997e-02 50
0 4.0300010000000011e-02 3.9299990000000000e-02 4.0450000000000014e-02 3.9149999999999997e-02 51
0 4.0950009999999995e-02 3.9949990000000005e-02 4.1100000000000005e-02 3.9799999999999995e-02 51
0 4.0752020000000007e-02 3.9752000000000003e-02 4.0902010000000016e-02 3.9602009999999993e-02 51
0 4.0200000000000014e-02 3.8899999999999997e-02 4.0282010000000000e-02 3.8817990000000011e-02 52
0 4.0450000000000014e-02 3.9149999999999997e-02 4.0532010000000007e-02 3.9067990000000011e-02 52
0 4.0902010000000016e-02 3.9602009999999993e-02 4.0984020000000003e-02 3.9520000000000007e-02 52
0 4.0156570000000003e-02 4.0100000000000004e-02 4.0404020000000006e-02 4.0100000000000004e-02 53
0 4.0155530676698900e-02 4.0500000000000001e-02 4.0399999999999998e-02 4.0500000000000001e-02 53
0 4.0155530676698907e-02 4.0899999999999999e-02 4.0399999999999998e-02 4.0899999999999999e-02 53
0 4.0677300000000000e-02 3.5322699999999999e-02 4.0799999999999996e-02 3.5200000000000002e-02 54
0 4.1227300000000001e-02 3.5872700000000014e-02 4.1350000000000005e-02 3.5750000000000018e-02 54
0 4.0977300000000001e-02 3.5622700000000000e-02 4.1099999999999998e-02 3.5500000000000004e-02 54
0 3.9248335000000002e-02 3.6197065000000000e-02 3.9697064999999997e-02 3.5748335000000006e-02 55
0 3.9525635000000003e-02 3.6474365000000002e-02 3.9974365000000005e-02 3.6025635000000000e-02 55
0 3.9825634999999998e-02 3.6774365000000003e-02 4.0274365000000006e-02 3.6325634999999995e-02 55
0 3.8399999323312027e-02 4.1299994060183191e-02 3.8529449323311940e-02 4.1299994498175702e-02 56
0 3.8399999999999997e-02 4.0515000000000002e-02 3.8529450000000000e-02 4.0515000000000002e-02 56
0 3.8399999999999997e-02 4.0899999999999999e-02 3.8529450000000000e-02 4.0899999999999999e-02 56
0 4.1850000000000012e-02 3.8199999999999998e-02 4.1850000000000012e-02 3.8600000000000002e-02 57
1 4.2200000000000001e-02 3.8199999999999998e-02 4.2200000000000001e-02 3.8600000000000002e-02 57
0 4.1799999999999997e-02 3.7480029999999998e-02 4.1799999999999997e-02 3.7672020000000014e-02 58
0 4.2119999999999998e-02 3.7480029999999998e-02 4.2119999999999998e-02 3.7672020000000014e-02 58
0 4.1799999999999997e-02 3.7100000000000001e-02 4.1799999999999997e-02 3.7200030000000009e-02 59
0 4.2400000000000000e-02 3.7100000000000001e-02 4.2400000000000000e-02 3.7200030000000009e-02 59
0 4.1623729718148254e-02 3.7848288708009957e-02 4.1799999999999997e-02 3.7672020000000014e-02 60
0 4.1850000000000012e-02 3.8074560000000000e-02 4.2026269494931531e-02 3.7898290505068474e-02 60
0 4.1236008573686617e-02 3.8236006390675654e-02 4.1361009131724573e-02 3.8111006948714117e-02 61
0 4.1725000000000012e-02 3.8725000000000002e-02 4.1850000000000012e-02 3.8600000000000002e-02 61
0 4.1000000000000002e-02 3.8924560000000011e-02 4.1199559999999996e-02 3.8725000000000002e-02 62
0 4.0773725923498608e-02 3.8698284913340007e-02 4.0973286814394841e-02 3.8498725804237438e-02 62
0 4.0680000000000001e-02 3.8924560000000018e-02 4.0680000000000001e-02 3.9576580000000000e-02 63
0 4.1000000000000002e-02 3.8924560000000011e-02 4.1000000000000002e-02 3.9576580000000000e-02 63
0 4.0156570000000003e-02 4.0100000000000004e-02 4.0680000000000001e-02 3.9576580000000000e-02 64
0 4.0382843919255965e-02 4.0326276080744038e-02 4.0906268919283471e-02 3.9802851080716531e-02 64
0 3.9680000000000007e-02 4.0100000000000004e-02 4.0156570000000003e-02 4.0100000000000004e-02 65
0 3.9680000000000000e-02 4.0420000000000005e-02 4.0156570000000003e-02 4.0420000000000005e-02 65
0 3.9338380000000013e-02 4.0238359999999994e-02 3.9418370000000015e-02 4.0158369999999999e-02 66
0 3.9600009999999998e-02 4.0499990000000000e-02 3.9680000000000000e-02 4.0420000000000005e-02 66
0 3.8800010000000003e-02 3.8499999999999993e-02 3.8800010000000003e-02 3.8899990000000002e-02 67
0 3.9200000000000006e-02 3.8500000000000000e-02 3.9200000000000006e-02 3.8899990000000002e-02 67
1 3.9600000000000003e-02 3.4100002518043772e-02 3.9600000000000003e-02 3.4000001192379732e-02 68
1 4.0000004334392561e-02 3.4100001259011047e-02 4.0000003704871397e-02 3.3999999933339402e-02 68
1 3.9600000000000003e-02 3.4000001192379732e-02 3.9600000000000003e-02 3.3411471259024515e-02 69
1 4.0000003704871397e-02 3.3999999933339402e-02 4.0000000000000001e-02 3.3411469999999999e-02 69
1 3.8099989218810845e-02 3.6300020156315137e-02 3.8222703835324792e-02 3.6177304772830043e-02 70
1 3.8399990000000002e-02 3.6600019999999997e-02 3.8522704999999997e-02 3.6477305000000002e-02 70
1 3.8000004999893922e-02 3.6700006364667158e-02 3.8000006666302155e-02 3.6600021870715621e-02 71
1 3.8399992601696423e-02 3.6700004493913356e-02 3.8399990000000002e-02 3.6600019999999997e-02 71
1 3.7999999999999999e-02 3.8168630000000002e-02 3.7999999999999999e-02 3.8031379999999997e-02 72
1 3.8399999999999997e-02 3.8168630000000002e-02 3.8399999999999997e-02 3.8031379999999997e-02 72
1 3.7999999999999999e-02 3.7368635204367465e-02 3.7999999999999999e-02 3.7354619698063377e-02 73
1 3.8400009999999998e-02 3.7368630000000000e-02 3.8400009635302525e-02 3.7354614493704398e-02 73
1 3.7911479999999997e-02 3.9800000000000002e-02 3.7984990000000003e-02 3.9800000000000002e-02 74
1 3.7911479999999997e-02 4.0200000000000000e-02 3.7984990000000003e-02 4.0200000000000000e-02 74
0 4.8899970000000001e-02 2.9239999999999995e-02 4.8899970000000001e-02 2.9300000000000000e-02 75
0 4.7719999999999999e-02 2.9239999999999999e-02 4.7719999999999999e-02 2.9300000000000000e-02 75
0 4.8759509999999999e-02 3.1700010000000001e-02 4.8899980000000003e-02 3.1700010000000001e-02 76
0 4.8755500000000000e-02 3.2100000000000004e-02 4.8899980000000003e-02 3.2100000000000004e-02 76
0 4.8729754999999993e-02 3.1729765000000007e-02 4.8759509999999999e-02 3.1700010000000001e-02 77
0 4.9099989999999996e-02 3.2100000000000004e-02 4.9129745000000002e-02 3.2070244999999997e-02 77
0 4.8344540000000005e-02 3.2114980000000001e-02 4.8557509999999998e-02 3.1902010000000001e-02 78
0 4.8542530000000007e-02 3.2312969999999996e-02 4.8755500000000000e-02 3.2100000000000004e-02 78
0 4.8399999999999999e-02 2.8820000000000002e-02 4.8491700000000013e-02 2.8820000000000002e-02 79
0 4.8399999999999999e-02 2.8500000000000001e-02 4.8491700000000013e-02 2.8500000000000001e-02 79
0 4.8260839999999999e-02 2.8500000000000001e-02 4.8399999999999999e-02 2.8500000000000001e-02 80
0 4.8260839999999999e-02 2.8820000000000002e-02 4.8399999999999999e-02 2.8820000000000002e-02 80
0 4.8055850000000004e-02 2.9255850000000003e-02 4.8327139999999998e-02 2.9527140000000000e-02 81
0 4.8491700000000013e-02 2.8820000000000002e-02 4.8762990000000006e-02 2.9091290000000006e-02 81
0 4.8344540000000012e-02 3.2500000000000001e-02 4.8355500000000003e-02 3.2500000000000001e-02 82
0 4.8344540000000019e-02 3.2914980000000003e-02 4.8355500000000010e-02 3.2914980000000003e-02 82
0 4.8128290000000011e-02 2.8100000000000007e-02 4.8244459999999996e-02 2.8100000000000007e-02 83
0 4.8128290000000011e-02 2.8500000000000001e-02 4.8244459999999996e-02 2.8500000000000001e-02 83
0 4.8000000000000001e-02 2.8628286857870638e-02 4.8034567799388236e-02 2.8593719905130606e-02 84
0 4.8226271841294722e-02 2.8854566593401947e-02 4.8260839999999999e-02 2.8820000000000002e-02 84
0 4.8039999999999999e-02 2.9228270000000008e-02 4.8039999999999999e-02 2.9239999999999999e-02 85
0 4.7719999999999999e-02 2.9228270000000008e-02 4.7719999999999999e-02 2.9239999999999999e-02 85
0 4.7813730094920591e-02 2.8814552200753931e-02 4.8000000000000001e-02 2.8628286857870638e-02 86
0 4.8039999999999999e-02 2.9040830000000000e-02 4.8226271841294722e-02 2.8854566593401947e-02 86
0 4.7530400000000000e-02 3.2914980000000003e-02 4.7735460000000000e-02 3.2709920000000003e-02 87
0 4.7735460000000007e-02 3.3120040000000003e-02 4.7940520000000000e-02 3.2914980000000003e-02 87
0 4.7719999999999999e-02 3.0200000000000005e-02 4.7719999999999999e-02 3.0408280000000003e-02 88
0 4.8039999999999999e-02 3.0200000000000005e-02 4.8039999999999999e-02 3.0408279999999999e-02 88
0 4.7719999999999999e-02 2.9527140000000004e-02 4.7719999999999999e-02 2.9912870000000005e-02 89
0 4.8327139999999998e-02 2.9527140000000000e-02 4.8327139999999998e-02 2.9912870000000001e-02 89
0 4.7719999999999999e-02 2.9040830000000000e-02 4.7719999999999999e-02 2.9228270000000008e-02 90
0 4.8039999999999999e-02 2.9040830000000000e-02 4.8039999999999999e-02 2.9228270000000008e-02 90
0 4.7700000000000006e-02 3.3299980000000000e-02 4.7700000000000006e-02 3.4735980000000000e-02 91
0 4.8099990000000009e-02 3.3299980000000000e-02 4.8099990000000009e-02 3.4735980000000000e-02 91
0 4.7528289550492944e-02 3.0599990449507057e-02 4.7719999999999999e-02 3.0408280000000003e-02 92
0 4.7754564550492942e-02 3.0826265449507055e-02 4.7946274999999997e-02 3.0634555000000004e-02 92
0 4.7408279999999997e-02 3.0720000000000004e-02 4.7528289550492944e-02 3.0599990449507057e-02 93
0 4.7634554999999995e-02 3.0946275000000002e-02 4.7754564550492942e-02 3.0826265449507055e-02 93
0 4.7675490000000008e-02 3.4760489999999998e-02 4.7700000000000006e-02 3.4735980000000000e-02 94
0 4.7914999999999999e-02 3.5000000000000003e-02 4.7939510000000005e-02 3.4975489999999998e-02 94
0 4.7299999999999995e-02 3.7899999999999996e-02 4.7299999999999995e-02 3.8300000000000001e-02 95
0 4.7814990000000002e-02 3.7899999999999989e-02 4.7814990000000002e-02 3.8299999999999994e-02 95
0 4.7100000000000003e-02 3.8500000000000000e-02 4.7299999999999995e-02 3.8300000000000001e-02 96
0 4.7399996861114770e-02 3.8799998527799126e-02 4.7599997972243270e-02 3.8599999638929884e-02 96
0 4.6747240000000002e-02 3.7002759999999996e-02 4.7000000000000000e-02 3.6749999999999998e-02 97
0 4.7000000000000000e-02 3.7255520000000000e-02 4.7252760000000005e-02 3.7002759999999996e-02 97
0 4.6850000000000010e-02 3.6150000000000015e-02 4.7000000000000000e-02 3.6299999999999999e-02 98
0 4.7100000000000003e-02 3.5900000000000001e-02 4.7250000000000007e-02 3.6050000000000006e-02 98
0 4.6902009999999994e-02 3.5137990000000015e-02 4.6914990000000004e-02 3.5125010000000005e-02 99
0 4.7100000000000003e-02 3.5335980000000010e-02 4.7112980000000006e-02 3.5323000000000007e-02 99
0 4.6914999999999991e-02 2.8100000000000007e-02 4.7299999999999988e-02 2.8100000000000007e-02 100
0 4.6914999999999998e-02 2.8500000000000001e-02 4.7299999999999995e-02 2.8500000000000001e-02 100
0 4.6659430000000002e-02 3.2884980000000001e-02 4.6884960000000010e-02 3.2659450000000000e-02 101
0 4.6914990000000004e-02 3.3140509999999998e-02 4.7140520000000005e-02 3.2914980000000003e-02 101
0 4.6719999999999998e-02 3.5335980000000010e-02 4.6719999999999998e-02 3.5900000000000001e-02 102
0 4.7100000000000003e-02 3.5335980000000010e-02 4.7100000000000003e-02 3.5900000000000001e-02 102
0 4.5600000000000002e-02 3.0720000000000004e-02 4.7408279999999997e-02 3.0720000000000004e-02 103
0 4.5600000000000002e-02 3.1039999999999998e-02 4.7408279999999997e-02 3.1039999999999998e-02 103
0 4.6157540000000004e-02 2.9097990000000004e-02 4.6340530000000012e-02 2.8915000000000000e-02 104
0 4.5959550000000002e-02 2.8899999999999999e-02 4.6142540000000003e-02 2.8717009999999994e-02 104
0 4.5540519999999994e-02 3.6700000000000003e-02 4.5899999999999996e-02 3.6700000000000003e-02 105
0 4.5540520000000001e-02 3.7014999999999999e-02 4.5899999999999996e-02 3.7014999999999999e-02 105
0 4.5284999999999992e-02 3.0720000000000004e-02 4.5600000000000002e-02 3.0720000000000004e-02 106
0 4.5284999999999999e-02 3.1039999999999998e-02 4.5600000000000002e-02 3.1039999999999998e-02 106
0 4.5085220000000002e-02 3.7010759999999997e-02 4.5310750000000011e-02 3.6785229999999995e-02 107
0 4.5314989999999999e-02 3.7240530000000001e-02 4.5540520000000001e-02 3.7014999999999999e-02 107
0 4.5059379999999996e-02 2.8085039999999999e-02 4.5272210000000007e-02 2.7872209999999998e-02 108
0 4.5287169999999995e-02 2.8312830000000008e-02 4.5499999999999999e-02 2.8100000000000007e-02 108
0 4.5059375242329509e-02 2.8899999999999999e-02 4.5099999999999994e-02 2.8899999999999999e-02 109
0 4.5059375242329516e-02 2.8500000000000001e-02 4.5100000000000001e-02 2.8500000000000001e-02 109
0 4.5034990000000004e-02 3.7240529999999994e-02 4.5034990000000004e-02 3.7509480000000005e-02 110
0 4.5314989999999999e-02 3.7240530000000001e-02 4.5314989999999999e-02 3.7509480000000005e-02 110
0 4.5098725000000006e-02 3.1226274999999994e-02 4.5284999999999999e-02 3.1039999999999998e-02 111
0 4.4872450000000008e-02 3.1000000000000000e-02 4.5058725000000001e-02 3.0813725000000011e-02 111
0 4.4920654358696896e-02 3.7623815641303106e-02 4.5034990000000004e-02 3.7509480000000005e-02 112
0 4.5199999999999997e-02 3.7900000000000003e-02 4.5314989999999999e-02 3.7785010000000001e-02 112
0 4.4644469999999999e-02 3.7899999999999996e-02 4.4706887774439527e-02 3.7837582225560468e-02 113
0 4.4922235000000005e-02 3.8177764999999995e-02 4.4985009999999999e-02 3.8114990000000001e-02 113
0 4.4173725000000004e-02 3.1698724999999997e-02 4.4872450000000008e-02 3.1000000000000000e-02 114
0 4.4400000000000002e-02 3.1925000000000002e-02 4.5098725000000006e-02 3.1226274999999994e-02 114
0 4.4244470000000001e-02 2.8899999999999999e-02 4.4472234999999999e-02 2.8672234999999997e-02 115
0 4.4472234999999999e-02 2.9127765000000000e-02 4.4700000000000004e-02 2.8899999999999999e-02 115
0 4.4740519999999999e-02 3.8234990000000003e-02 4.4865009999999997e-02 3.8234990000000003e-02 116
0 4.4740519999999999e-02 3.8514989999999999e-02 4.4865009999999990e-02 3.8514989999999999e-02 116
0 4.4055520000000001e-02 3.9200000000000006e-02 4.4370501241110055e-02 3.8885014160623649e-02 117
0 4.4455496459750471e-02 3.9599973540249543e-02 4.4770480000000001e-02 3.9284989999999999e-02 117
0 4.3934990000000000e-02 3.7899999999999996e-02 4.4644469999999999e-02 3.7899999999999996e-02 118
0 4.3934990000000000e-02 3.8234990000000003e-02 4.4644469999999999e-02 3.8234990000000003e-02 118
0 4.4644474757715651e-02 2.8085030485897746e-02 4.4700004757709605e-02 2.8085031759244150e-02 119
0 4.4644469999999999e-02 2.8500000000000001e-02 4.4700000000000004e-02 2.8500000000000001e-02 119
0 4.4080000000000001e-02 3.1925000000000002e-02 4.4080000000000001e-02 3.3848289999999996e-02 120
0 4.4400000000000002e-02 3.1925000000000002e-02 4.4400000000000002e-02 3.3848290000000003e-02 120
0 4.3900000000000008e-02 2.9399999999999999e-02 4.4200000000000003e-02 2.9399999999999999e-02 121
0 4.3900000000000002e-02 2.8899999999999999e-02 4.4200000000000003e-02 2.8899999999999999e-02 121
0 4.3820529999999996e-02 3.8234990000000003e-02 4.3934990000000000e-02 3.8234990000000003e-02 122
0 4.3820529999999996e-02 3.7899999999999996e-02 4.3934990000000000e-02 3.7899999999999996e-02 122
0 4.3755530000000001e-02 3.9200000000000006e-02 4.4055520000000001e-02 3.9200000000000006e-02 123
0 4.3755530000000001e-02 3.9700000000000006e-02 4.4055520000000001e-02 3.9700000000000006e-02 123
0 4.3305529999999995e-02 2.8649999999999998e-02 4.3650000000000001e-02 2.8649999999999998e-02 124
0 4.3314999999999999e-02 2.8085000000000002e-02 4.3650006477919348e-02 2.8085007681960993e-02 124
0 4.3374999965035639e-02 3.0025000034964364e-02 4.3400000000000001e-02 2.9999999999999999e-02 125
0 4.3699999965035638e-02 3.0350000034964363e-02 4.3725000000000000e-02 3.0324999999999998e-02 125
0 4.3200000000000002e-02 3.0200000000000005e-02 4.3374999965035639e-02 3.0025000034964364e-02 126
0 4.3525000000000001e-02 3.0525000000000000e-02 4.3699999965035638e-02 3.0350000034964363e-02 126
0 4.2573730353547744e-02 3.5354559646452254e-02 4.4080000000000001e-02 3.3848289999999996e-02 127
0 4.2799999999999998e-02 3.5580830000000001e-02 4.4306274353552250e-02 3.4074565060662455e-02 127
0 4.3014989999999996e-02 3.8585009999999996e-02 4.3470519999999999e-02 3.8585009999999996e-02 128
0 4.3014989999999996e-02 3.9200000000000006e-02 4.3470520000000006e-02 3.9200000000000006e-02 128
0 4.3000000000000003e-02 3.1300000257605737e-02 4.3000000000000003e-02 3.2200000257605749e-02 129
0 4.2599999542034181e-02 3.1300000143114168e-02 4.2599999026822717e-02 3.2200000143114020e-02 129
0 4.2977765000000001e-02 2.8977764999999996e-02 4.3305529999999995e-02 2.8649999999999998e-02 130
0 4.2700000000000002e-02 2.8700000000000000e-02 4.3027764999999996e-02 2.8372235000000003e-02 130
0 4.2479999999999997e-02 3.5580830000000008e-02 4.2479999999999997e-02 3.5857399999999998e-02 131
0 4.2799999999999998e-02 3.5580830000000001e-02 4.2799999999999998e-02 3.5857400000000005e-02 131
0 4.2374244420758329e-02 3.3229775579241665e-02 4.2599999999999999e-02 3.3004019999999995e-02 132
0 4.2599999420758337e-02 3.3455530579241666e-02 4.2825755000000000e-02 3.3229775000000003e-02 132
0 4.2579775202520966e-02 3.3475754797479038e-02 4.2599999420758337e-02 3.3455530579241666e-02 133
0 4.2354020202520958e-02 3.3249999797479037e-02 4.2374244420758329e-02 3.3229775579241665e-02 133
0 4.2327766762777330e-02 3.8527767785397321e-02 4.2642755897416548e-02 3.8212776920039056e-02 134
0 4.2699999999999995e-02 3.8899999999999997e-02 4.3014989999999996e-02 3.8585009999999996e-02 134
0 4.1987885000000003e-02 3.6349514999999999e-02 4.2479999999999997e-02 3.5857399999999998e-02 135
0 4.2214160000000001e-02 3.6575789999999997e-02 4.2706275000000002e-02 3.6083674999999996e-02 135
0 4.2100000000000012e-02 3.1000000000000000e-02 4.2100000000000012e-02 3.1049999742394266e-02 136
0 4.2599999713771410e-02 3.1000000000000000e-02 4.2599999685148618e-02 3.1049999885508474e-02 136
0 4.2100000000000012e-02 3.0949999994561557e-02 4.2100000000000012e-02 3.1000000000000000e-02 137
0 4.2599998499432780e-02 3.0949993923629727e-02 4.2599999713771410e-02 3.1000000000000000e-02 137
0 4.2100000000000012e-02 3.0724999999999999e-02 4.2100000000000012e-02 3.0949999994561557e-02 138
0 4.2599993035573089e-02 3.0724993929148507e-02 4.2599998499432780e-02 3.0949993923629727e-02 138
0 4.2100000000000012e-02 3.0599995622287157e-02 4.2100000000000012e-02 3.0724999999999999e-02 139
0 4.2599989999999997e-02 3.0599990000000001e-02 4.2599993035573089e-02 3.0724993929148507e-02 139
0 4.2100000000000012e-02 3.0499974997118148e-02 4.2100000000000012e-02 3.0599995622287157e-02 140
0 4.2599999999999999e-02 3.0499999999999999e-02 4.2599989999999997e-02 3.0599990000000001e-02 140
0 4.2072234999999999e-02 4.0572235000000005e-02 4.2185000000000000e-02 4.0459470000000004e-02 141
0 4.2277765000000002e-02 4.0777765000000001e-02 4.2390530000000003e-02 4.0665000000000007e-02 141
0 4.1952765000000010e-02 2.9447234999999999e-02 4.2700000000000002e-02 2.8700000000000000e-02 142
0 4.2230530000000009e-02 2.9725000000000001e-02 4.2977765000000001e-02 2.8977764999999996e-02 142
0 4.1822234999999999e-02 2.9577765000000009e-02 4.1952765000000010e-02 2.9447234999999999e-02 143
0 4.2100000000000012e-02 2.9855530000000002e-02 4.2230530000000009e-02 2.9725000000000001e-02 143
0 4.1894160000000000e-02 3.6971680000000000e-02 4.1894160000000000e-02 3.7005839999999998e-02 144
0 4.2400000000000000e-02 3.6971680000000000e-02 4.2400000000000000e-02 3.7005839999999998e-02 144
0 4.1894160000000000e-02 3.6575790000000004e-02 4.1894160000000000e-02 3.6787365463722396e-02 145
0 4.2214160000000001e-02 3.6575789999999997e-02 4.2214160000000001e-02 3.6785840000000000e-02 145
0 4.1950000000000001e-02 4.1105530000000001e-02 4.2277765000000002e-02 4.0777765000000001e-02 146
0 4.1744469999999999e-02 4.0899999999999999e-02 4.2072234999999999e-02 4.0572235000000005e-02 146
0 4.1427769235314743e-02 3.9427770257928443e-02 4.1512769001797324e-02 3.9342770024411611e-02 147
0 4.1799999999999997e-02 3.9799999999999995e-02 4.1884999999999992e-02 3.9715000000000000e-02 147
0 4.1200000000000001e-02 3.5200000000000002e-02 4.1200000000000001e-02 3.5400000000000001e-02 148
0 4.1600000000000012e-02 3.5200000000000002e-02 4.1600000000000012e-02 3.5400000000000001e-02 148
0 4.1100000000000005e-02 3.9520000000000007e-02 4.1335540000000004e-02 3.9520000000000007e-02 149
0 4.1100000000000005e-02 3.9799999999999995e-02 4.1335540000000011e-02 3.9799999999999995e-02 149
0 4.1350000000000005e-02 3.5750000000000018e-02 4.1450000000000008e-02 3.5650000000000015e-02 150
0 4.1099999999999998e-02 3.5500000000000004e-02 4.1200000000000001e-02 3.5400000000000001e-02 150
0 4.0500000000000008e-02 3.4000000000000002e-02 4.0647990000000002e-02 3.3852010000000009e-02 151
0 4.0799999999999996e-02 3.4299999999999997e-02 4.0947989999999997e-02 3.4152010000000003e-02 151
0 4.0699999999999993e-02 4.0800000000000010e-02 4.0799999999999996e-02 4.0700000000000014e-02 152
0 4.0399999999999998e-02 4.0500000000000001e-02 4.0499999999999994e-02 4.0400000000000005e-02 152
0 4.0404020000000006e-02 4.0100000000000004e-02 4.0752020000000007e-02 3.9752000000000003e-02 153
0 4.0602010000000001e-02 4.0297989999999999e-02 4.0950009999999995e-02 3.9949990000000005e-02 153
0 4.0399999999999998e-02 3.8100000000000002e-02 4.0399999999999998e-02 3.8700000000000005e-02 154
0 4.0899999999999999e-02 3.8100000000000009e-02 4.0899999999999999e-02 3.8700000000000005e-02 154
0 4.0282010000000000e-02 3.8817990000000011e-02 4.0399999999999998e-02 3.8700000000000005e-02 155
0 4.0532010000000007e-02 3.9067990000000011e-02 4.0650000000000006e-02 3.8950000000000005e-02 155
0 4.0249999999999987e-02 3.7949999999999977e-02 4.0399999999999998e-02 3.8100000000000002e-02 156
0 4.0700000000000014e-02 3.7499999999999999e-02 4.0850000000000025e-02 3.7650000000000024e-02 156
0 4.0000013333314821e-02 3.8899996666833338e-02 4.0200000000000014e-02 3.8899999999999997e-02 157
0 4.0000010000000003e-02 3.9299990000000000e-02 4.0199996666703715e-02 3.9299990000000000e-02 157
0 3.9476740000000017e-02 4.0500000000000001e-02 4.0000000000000001e-02 4.0500000000000001e-02 158
0 3.9476740000000010e-02 4.0100000000000004e-02 4.0000000000000001e-02 4.0100000000000004e-02 158
0 3.9600000000000003e-02 3.7354610000000003e-02 3.9600000000000003e-02 3.7649999999999996e-02 159
0 3.9200010000000000e-02 3.7354610000000003e-02 3.9200010000000000e-02 3.7649999999999996e-02 159
0 3.8954570000000008e-02 4.0100000000000004e-02 3.9476740000000010e-02 4.0100000000000004e-02 160
0 3.8954570000000008e-02 4.0500000000000001e-02 3.9476740000000017e-02 4.0500000000000001e-02 160
0 3.8622225000000003e-02 4.0422225000000006e-02 3.8749510000000008e-02 4.0294940000000001e-02 161
0 3.8827285000000003e-02 4.0627285000000006e-02 3.8954570000000008e-02 4.0500000000000001e-02 161
0 3.8529450000000000e-02 4.0515000000000002e-02 3.8622225000000003e-02 4.0422225000000006e-02 162
0 3.8734509999999993e-02 4.0720060000000009e-02 3.8827285000000003e-02 4.0627285000000006e-02 162
0 3.8529449323311940e-02 4.1299994498175702e-02 3.8554569323311923e-02 4.1299994583168916e-02 163
0 3.8529450000000000e-02 4.0899999999999999e-02 3.8554569999999996e-02 4.0899999999999999e-02 163
0 3.6800010000000001e-02 4.1700000000000001e-02 3.6950004999999994e-02 4.1550005000000001e-02 164
1 3.6450005000000001e-02 4.1349995000000001e-02 3.6600000000000001e-02 4.1200000000000001e-02 164
0 4.9899988750023438e-02 2.9099988750023436e-02 5.0099989999999997e-02 2.8899990000000000e-02 0
0 4.9699989999999999e-02 3.2500000000000001e-02 5.0099989999999997e-02 3.2899999999999999e-02 0
0 4.9599989999999997e-02 3.1600000000000003e-02 5.0099989999999997e-02 3.2099990000000009e-02 0
0 4.9299970000000012e-02 2.9700000000000001e-02 4.9899988750023438e-02 2.9099988750023436e-02 0
0 4.8900019999999995e-02 2.8500000000000001e-02 4.9299990000000002e-02 2.8899990000000000e-02 0
0 4.8899990000000004e-02 2.7699999999999999e-02 4.9299990000000002e-02 2.8099989999999998e-02 0
0 4.8399999999999999e-02 2.9700000000000001e-02 4.9299970000000012e-02 2.9700000000000001e-02 0
0 4.8499980000000012e-02 3.2099990000000009e-02 4.8899980000000003e-02 3.1700010000000001e-02 0
0 4.8499980000000012e-02 2.8899990000000000e-02 4.8899970000000001e-02 2.9300000000000000e-02 0
0 4.8399999999999999e-02 2.8000009999999985e-02 4.8499980000000012e-02 2.8099989999999998e-02 0
0 4.8099990000000009e-02 3.3299980000000000e-02 4.8499980000000012e-02 3.2899999999999999e-02 0
0 4.8099990000000009e-02 2.7699999999999999e-02 4.8399999999999999e-02 2.8000009999999985e-02 0
0 4.8000000000000001e-02 2.9700000000000001e-02 4.8399999999999999e-02 2.9700000000000001e-02 0
0 4.7700000000000006e-02 2.9700000000000001e-02 4.8000000000000001e-02 2.9700000000000001e-02 0
0 4.7299999999999995e-02 2.9300000000000000e-02 4.7700000000000006e-02 2.9700000000000001e-02 0
0 4.7299999999999995e-02 2.8500000000000001e-02 4.7699979999999996e-02 2.8899990000000000e-02 0
0 4.2119999999999998e-02 3.7480029999999998e-02 4.2400000000000000e-02 3.7200030000000009e-02 0
0 4.2119999999999998e-02 3.7672020000000014e-02 4.2119999999999998e-02 3.7804560000000001e-02 0
0 4.2026269494931531e-02 3.7898290505068474e-02 4.2119999999999998e-02 3.7804560000000001e-02 0
0 4.1850000000000012e-02 3.8074560000000000e-02 4.1850000000000012e-02 3.8199999999999998e-02 0
0 4.1799999999999997e-02 3.7200030000000009e-02 4.1799999999999997e-02 3.7480029999999998e-02 0
0 4.1199559999999996e-02 3.8725000000000002e-02 4.1725000000000012e-02 3.8725000000000002e-02 0
0 4.1361009131724573e-02 3.8111006948714117e-02 4.1623729718148254e-02 3.7848288708009957e-02 0
0 4.0973286814394841e-02 3.8498725804237438e-02 4.1236008573686617e-02 3.8236006390675654e-02 0
0 4.0680000000000001e-02 3.8792010000000009e-02 4.0773725923498608e-02 3.8698284913340007e-02 0
0 4.1000000000000002e-02 3.9576580000000000e-02 4.1000000000000002e-02 3.9709120000000001e-02 0
0 4.0680000000000001e-02 3.8792010000000009e-02 4.0680000000000001e-02 3.8924560000000018e-02 0
0 4.0906268919283471e-02 3.9802851080716531e-02 4.1000000000000002e-02 3.9709120000000001e-02 0
0 4.0289119999999998e-02 4.0420000000000005e-02 4.0382843919255965e-02 4.0326276080744038e-02 0
0 4.0156570000000003e-02 4.0420000000000005e-02 4.0289119999999998e-02 4.0420000000000005e-02 0
0 3.9476740000000010e-02 4.0100000000000004e-02 3.9680000000000007e-02 4.0100000000000004e-02 0
0 3.9600009999999998e-02 3.9699989999999998e-02 4.0000010000000003e-02 3.9299990000000000e-02 0
0 3.9600009999999998e-02 4.1299990000000002e-02 4.0000000000000001e-02 4.0899999999999999e-02 0
0 3.9418370000000015e-02 4.0158369999999999e-02 3.9476740000000010e-02 4.0100000000000004e-02 0
0 3.9076750000000000e-02 4.0499990000000000e-02 3.9338380000000013e-02 4.0238359999999994e-02 0
0 3.9200000000000006e-02 3.8899990000000002e-02 3.9200000000000006e-02 3.9299999999999995e-02 0
0 3.8800010000000003e-02 3.8100009999999997e-02 3.9200010000000000e-02 3.7700000000000004e-02 0
0 3.8800010000000003e-02 3.9699989999999998e-02 3.9200000000000006e-02 3.9299999999999995e-02 0
0 3.8800010000000003e-02 4.0499990000000000e-02 3.9076750000000000e-02 4.0499990000000000e-02 0
0 3.8800010000000003e-02 3.8100009999999997e-02 3.8800010000000003e-02 3.8499999999999993e-02 0
0 3.8000010000000001e-02 3.8100009999999997e-02 3.8400010000000005e-02 3.7700000000000004e-02 0
0 3.8000010000000001e-02 4.1299990000000002e-02 3.8399999999999997e-02 4.0899999999999999e-02 0
0 3.8000010000000001e-02 3.8100009999999997e-02 3.8000010000000001e-02 3.8899990000000002e-02 0
0 3.7200000000000004e-02 4.1299990000000002e-02 3.7600000000000001e-02 4.0899990000000004e-02 0
0 3.6565700000000000e-02 4.1934310000000002e-02 3.6800010000000001e-02 4.1700000000000001e-02 0
0 3.6400000000000002e-02 4.2099989999999997e-02 3.6565700000000000e-02 4.1934310000000002e-02 0
0 4.9299990000000002e-02 3.2899999999999999e-02 4.9699989999999999e-02 3.2500000000000001e-02 0
0 4.9129745000000002e-02 3.2070244999999997e-02 4.9599989999999997e-02 3.1600000000000003e-02 0
0 4.9285010000000011e-02 3.2914980000000003e-02 4.9299990000000002e-02 3.2899999999999999e-02 0
0 4.8899980000000003e-02 3.2100000000000004e-02 4.9099989999999996e-02 3.2100000000000004e-02 0
0 4.8899970000000001e-02 2.9228270000000004e-02 4.8899970000000001e-02 2.9239999999999995e-02 0
0 4.8644460000000000e-02 2.7699999999999999e-02 4.8899990000000004e-02 2.7699999999999999e-02 0
0 4.8762990000000006e-02 2.9091290000000006e-02 4.8899970000000001e-02 2.9228270000000004e-02 0
0 4.8491700000000013e-02 2.8500000000000001e-02 4.8900019999999995e-02 2.8500000000000001e-02 0
0 4.8355500000000010e-02 3.2914980000000003e-02 4.9285010000000011e-02 3.2914980000000003e-02 0
0 4.8355500000000003e-02 3.2500000000000001e-02 4.8542530000000007e-02 3.2312969999999996e-02 0
0 4.8557509999999998e-02 3.1902010000000001e-02 4.8729754999999993e-02 3.1729765000000007e-02 0
0 4.8399999999999999e-02 2.7944460000000004e-02 4.8644460000000000e-02 2.7699999999999999e-02 0
0 4.8244459999999996e-02 2.8100000000000007e-02 4.8399999999999999e-02 2.7944460000000004e-02 0
0 4.8244459999999996e-02 2.8500000000000001e-02 4.8260839999999999e-02 2.8500000000000001e-02 0
0 4.8039999999999999e-02 3.0200000000000005e-02 4.8327139999999998e-02 2.9912870000000001e-02 0
0 4.8039999999999999e-02 2.9239999999999999e-02 4.8055850000000004e-02 2.9255850000000003e-02 0
0 4.8000000000000001e-02 2.8100000000000007e-02 4.8128290000000011e-02 2.8100000000000007e-02 0
0 4.8099990000000009e-02 3.4735980000000000e-02 4.8099990000000009e-02 3.4815010000000000e-02 0
0 4.8034567799388236e-02 2.8593719905130606e-02 4.8128290000000011e-02 2.8500000000000001e-02 0
0 4.8039999999999999e-02 3.0408279999999999e-02 4.8039999999999999e-02 3.0540830000000001e-02 0
0 4.8000000000000001e-02 3.0580830000000000e-02 4.8039999999999999e-02 3.0540830000000001e-02 0
0 4.7939510000000005e-02 3.4975489999999998e-02 4.8099990000000009e-02 3.4815010000000000e-02 0
0 4.7980839981741845e-02 3.0599990018258156e-02 4.8000000000000001e-02 3.0580830000000000e-02 0
0 4.7865680000000001e-02 2.7465690000000001e-02 4.8099990000000009e-02 2.7699999999999999e-02 0
0 4.7914999999999999e-02 3.5000000000000003e-02 4.7914999999999999e-02 3.5885000000000000e-02 0
0 4.7814990000000002e-02 3.5985010000000005e-02 4.7914999999999999e-02 3.5885000000000000e-02 0
0 4.7719999999999999e-02 2.8908280000000001e-02 4.7813730094920591e-02 2.8814552200753931e-02 0
0 4.7700000000000006e-02 3.3155500000000004e-02 4.7735460000000007e-02 3.3120040000000003e-02 0
0 4.7814990000000002e-02 3.8299999999999994e-02 4.7814990000000002e-02 3.8385010000000004e-02 0
0 4.7814990000000002e-02 3.6755520000000000e-02 4.7814990000000002e-02 3.7899999999999989e-02 0
0 4.7814990000000002e-02 3.5985010000000005e-02 4.7814990000000002e-02 3.6299999999999999e-02 0
0 4.7714970000000002e-02 2.7314970000000004e-02 4.7865680000000001e-02 2.7465690000000001e-02 0
0 4.7946274999999997e-02 3.0634555000000004e-02 4.7980839981741845e-02 3.0599990018258156e-02 0
0 4.7580829999999998e-02 3.1000000000000000e-02 4.7634554999999995e-02 3.0946275000000002e-02 0
0 4.7140520000000005e-02 3.2114980000000001e-02 4.7945380000000003e-02 3.2114980000000001e-02 0
0 4.7735460000000000e-02 3.2709920000000003e-02 4.7945380000000003e-02 3.2500000000000001e-02 0
0 4.7719999999999999e-02 2.9912870000000005e-02 4.7719999999999999e-02 3.0200000000000005e-02 0
0 4.7719999999999999e-02 2.9300000000000000e-02 4.7719999999999999e-02 2.9527140000000004e-02 0
0 4.7719999999999999e-02 2.8908280000000001e-02 4.7719999999999999e-02 2.9040830000000000e-02 0
0 4.7700000000000006e-02 3.3155500000000004e-02 4.7700000000000006e-02 3.3299980000000000e-02 0
0 4.7540829999999999e-02 3.1039999999999998e-02 4.7580829999999998e-02 3.1000000000000000e-02 0
0 4.7112980000000006e-02 3.5323000000000007e-02 4.7675490000000008e-02 3.4760489999999998e-02 0
0 4.7599997972243270e-02 3.8599999638929884e-02 4.7814990000000002e-02 3.8385010000000004e-02 0
0 4.6914999999999998e-02 3.9284989999999999e-02 4.7399996861114770e-02 3.8799998527799126e-02 0
0 4.7140520000000005e-02 3.2914980000000003e-02 4.7530400000000000e-02 3.2914980000000003e-02 0
0 4.7250000000000007e-02 3.6050000000000006e-02 4.7500000000000001e-02 3.6299999999999999e-02 0
0 4.7252760000000005e-02 3.7002759999999996e-02 4.7500000000000001e-02 3.6755520000000000e-02 0
0 4.7000000000000000e-02 3.7600000000000001e-02 4.7299999999999995e-02 3.7899999999999996e-02 0
0 4.6914999999999998e-02 2.8915000000000000e-02 4.7299999999999995e-02 2.9300000000000000e-02 0
0 4.6884960000000010e-02 3.2370530000000002e-02 4.7140520000000005e-02 3.2114980000000001e-02 0
0 4.7000000000000000e-02 3.7255520000000000e-02 4.7000000000000000e-02 3.7600000000000001e-02 0
0 4.6914990000000004e-02 3.3140509999999998e-02 4.6914990000000004e-02 3.5125010000000005e-02 0
0 4.6884960000000010e-02 3.2370530000000002e-02 4.6884960000000010e-02 3.2659450000000000e-02 0
0 4.6734999999999999e-02 3.7014999999999999e-02 4.6747240000000002e-02 3.7002759999999996e-02 0
0 4.6719999999999998e-02 3.6020000000000003e-02 4.6850000000000010e-02 3.6150000000000015e-02 0
0 4.6600000000000003e-02 3.8500000000000000e-02 4.7100000000000003e-02 3.8500000000000000e-02 0
0 4.6719999999999998e-02 3.5320000000000011e-02 4.6902009999999994e-02 3.5137990000000015e-02 0
0 4.7299999999999988e-02 2.8100000000000007e-02 4.8000000000000001e-02 2.8100000000000007e-02 0
0 4.5600000000000002e-02 2.8100000000000007e-02 4.6359549999999992e-02 2.8100000000000007e-02 0
0 4.6719999999999998e-02 3.5900000000000001e-02 4.6719999999999998e-02 3.6020000000000003e-02 0
0 4.6719999999999998e-02 3.5320000000000011e-02 4.6719999999999998e-02 3.5335980000000010e-02 0
0 4.5600000000000002e-02 2.7314970000000004e-02 4.7714970000000002e-02 2.7314970000000004e-02 0
0 4.6340530000000012e-02 2.8915000000000000e-02 4.6359549999999992e-02 2.8915000000000000e-02 0
0 4.7408279999999997e-02 3.1039999999999998e-02 4.7540829999999999e-02 3.1039999999999998e-02 0
0 4.6370530000000000e-02 3.2884980000000001e-02 4.6659430000000002e-02 3.2884980000000001e-02 0
0 4.6399999999999997e-02 3.8300000000000001e-02 4.6600000000000003e-02 3.8500000000000000e-02 0
0 4.6399999999999997e-02 3.7999999999999999e-02 4.6399999999999997e-02 3.8300000000000001e-02 0
0 4.6200000000000005e-02 3.7800000000000000e-02 4.6399999999999997e-02 3.7999999999999999e-02 0
0 4.6100000000000002e-02 3.3155500000000004e-02 4.6370530000000000e-02 3.2884980000000001e-02 0
0 4.6200000000000005e-02 3.6100000000000000e-02 4.6200000000000005e-02 3.6400000000000002e-02 0
0 4.6142540000000003e-02 2.8717009999999994e-02 4.6359549999999999e-02 2.8500000000000001e-02 0
0 4.5899999999999996e-02 3.7014999999999999e-02 4.6734999999999999e-02 3.7014999999999999e-02 0
0 4.6100000000000002e-02 3.3155500000000004e-02 4.6100000000000002e-02 3.4900000000000000e-02 0
0 4.5899999999999996e-02 3.6700000000000003e-02 4.6200000000000005e-02 3.6400000000000002e-02 0
0 4.5899999999999996e-02 3.5799999999999998e-02 4.6200000000000005e-02 3.6100000000000000e-02 0
0 4.5800000000000000e-02 3.7800000000000000e-02 4.6200000000000005e-02 3.7800000000000000e-02 0
0 4.5899999999999996e-02 3.5099999999999999e-02 4.6100000000000002e-02 3.4900000000000000e-02 0
0 4.5600000000000002e-02 2.9655529999999996e-02 4.6157540000000004e-02 2.9097990000000004e-02 0
0 4.5899999999999996e-02 3.5099999999999999e-02 4.5899999999999996e-02 3.5799999999999998e-02 0
0 4.4770480000000001e-02 3.9284989999999999e-02 4.6914999999999998e-02 3.9284989999999999e-02 0
0 4.5600000000000002e-02 2.8899999999999999e-02 4.5959550000000002e-02 2.8899999999999999e-02 0
0 4.5600000000000002e-02 3.7999999999999999e-02 4.5800000000000000e-02 3.7800000000000000e-02 0
0 4.5395980000000002e-02 3.6700000000000003e-02 4.5540519999999994e-02 3.6700000000000003e-02 0
0 4.5600000000000002e-02 3.7999999999999999e-02 4.5600000000000002e-02 3.8300000000000001e-02 0
0 4.5570529999999998e-02 2.9685000000000000e-02 4.5600000000000002e-02 2.9655529999999996e-02 0
0 4.5540550000000006e-02 2.7314970000000004e-02 4.5600000000000002e-02 2.7314970000000004e-02 0
0 4.5499999999999999e-02 2.8100000000000007e-02 4.5600000000000002e-02 2.8100000000000007e-02 0
0 4.5284970000000001e-02 2.7570560000000001e-02 4.5540550000000006e-02 2.7314970000000004e-02 0
0 4.5152450000000004e-02 3.0720000000000004e-02 4.5284999999999992e-02 3.0720000000000004e-02 0
0 4.5314989999999999e-02 3.7509480000000005e-02 4.5314989999999999e-02 3.7785010000000001e-02 0
0 4.5100000000000001e-02 2.8500000000000001e-02 4.5287169999999995e-02 2.8312830000000008e-02 0
0 4.5284970000000001e-02 2.7570560000000001e-02 4.5284970000000001e-02 2.7859450000000004e-02 0
0 4.5310750000000011e-02 3.6785229999999995e-02 4.5395980000000002e-02 3.6700000000000003e-02 0
0 4.5034990000000004e-02 3.7060989999999995e-02 4.5085220000000002e-02 3.7010759999999997e-02 0
0 4.5272210000000007e-02 2.7872209999999998e-02 4.5284970000000001e-02 2.7859450000000004e-02 0
0 4.5099999999999994e-02 2.8899999999999999e-02 4.5600000000000002e-02 2.8899999999999999e-02 0
0 4.4865009999999997e-02 3.8234990000000003e-02 4.4922235000000005e-02 3.8177764999999995e-02 0
0 4.4865009999999990e-02 3.8514989999999999e-02 4.5385010000000003e-02 3.8514989999999999e-02 0
0 4.5034990000000004e-02 3.7060989999999995e-02 4.5034990000000004e-02 3.7240529999999994e-02 0
0 4.5058725000000001e-02 3.0813725000000011e-02 4.5152450000000004e-02 3.0720000000000004e-02 0
0 4.4365000000000002e-02 2.9685000000000000e-02 4.5570529999999998e-02 2.9685000000000000e-02 0
0 4.4355470000000008e-02 3.9700000000000006e-02 4.4455496459750471e-02 3.9599973540249543e-02 0
0 4.4080000000000001e-02 3.1792450000000000e-02 4.4173725000000004e-02 3.1698724999999997e-02 0
0 4.4200000000000003e-02 2.9399999999999999e-02 4.4472234999999999e-02 2.9127765000000000e-02 0
0 4.4472234999999999e-02 2.8672234999999997e-02 4.4644469999999999e-02 2.8500000000000001e-02 0
0 4.4400000000000002e-02 3.3848290000000003e-02 4.4400000000000002e-02 3.3980839999999998e-02 0
0 4.4644469999999999e-02 3.8234990000000003e-02 4.4740519999999999e-02 3.8234990000000003e-02 0
0 4.4370501241110055e-02 3.8885014160623649e-02 4.4740519999999999e-02 3.8514989999999999e-02 0
0 4.3755530000000001e-02 3.7899999999999996e-02 4.3820529999999996e-02 3.7899999999999996e-02 0
0 4.3650006477919348e-02 2.8085007681960993e-02 4.4644474757715651e-02 2.8085030485897746e-02 0
0 4.4080000000000001e-02 3.1792450000000000e-02 4.4080000000000001e-02 3.1925000000000002e-02 0
0 4.4200000000000003e-02 2.8899999999999999e-02 4.4244470000000001e-02 2.8899999999999999e-02 0
0 4.4055520000000001e-02 3.9700000000000006e-02 4.4355470000000008e-02 3.9700000000000006e-02 0
0 4.3725000000000000e-02 3.0324999999999998e-02 4.4365000000000002e-02 2.9685000000000000e-02 0
0 4.3700000000000003e-02 2.9399999999999999e-02 4.3900000000000008e-02 2.9399999999999999e-02 0
0 4.3650000000000001e-02 2.8649999999999998e-02 4.3900000000000002e-02 2.8899999999999999e-02 0
0 4.3555529999999995e-02 3.7700000000000004e-02 4.3755530000000001e-02 3.7899999999999996e-02 0
0 4.3470519999999999e-02 3.8585009999999996e-02 4.3820529999999996e-02 3.8234990000000003e-02 0
0 4.3499999849929770e-02 3.9955530150070237e-02 4.3755530000000001e-02 3.9700000000000006e-02 0
0 4.4306274353552250e-02 3.4074565060662455e-02 4.4400000000000002e-02 3.3980839999999998e-02 0
0 4.3450006833638748e-02 3.0599993166361257e-02 4.3525000000000001e-02 3.0525000000000000e-02 0
0 4.3400000000000001e-02 2.9700000000000001e-02 4.3700000000000003e-02 2.9399999999999999e-02 0
0 4.3470520000000006e-02 3.9200000000000006e-02 4.3755530000000001e-02 3.9200000000000006e-02 0
0 4.3000000000000003e-02 3.9200000000000006e-02 4.3014989999999996e-02 3.9200000000000006e-02 0
0 4.3455530000000006e-02 4.0000000000000001e-02 4.3499999849929770e-02 3.9955530150070237e-02 0
0 4.3400000000000001e-02 2.9700000000000001e-02 4.3400000000000001e-02 2.9999999999999999e-02 0
0 4.3155529999999998e-02 3.7700000000000004e-02 4.3555529999999995e-02 3.7700000000000004e-02 0
0 4.2479999999999997e-02 3.5448290000000000e-02 4.2573730353547744e-02 3.5354559646452254e-02 0
0 4.3055530000000009e-02 4.0000000000000001e-02 4.3455530000000006e-02 4.0000000000000001e-02 0
0 4.3050000000000005e-02 3.1000000000000000e-02 4.3450006833638748e-02 3.0599993166361257e-02 0
0 4.2900000000000001e-02 3.0200000000000005e-02 4.3200000000000002e-02 3.0200000000000005e-02 0
0 4.3000000000000003e-02 3.1050000000000001e-02 4.3050000000000005e-02 3.1000000000000000e-02 0
0 4.3027764999999996e-02 2.8372235000000003e-02 4.3314999999999999e-02 2.8085000000000002e-02 0
0 4.3000000000000003e-02 3.3004014312794733e-02 4.3000000000000003e-02 3.3055530000000000e-02 0
0 4.2655532747252756e-02 3.8199999999999998e-02 4.3155529999999998e-02 3.7700000000000004e-02 0
0 4.2799999999999998e-02 3.5857400000000005e-02 4.2799999999999998e-02 3.5989950000000000e-02 0
0 4.2825755000000000e-02 3.3229775000000003e-02 4.3000000000000003e-02 3.3055530000000000e-02 0
0 4.2599999999999999e-02 3.0499999999999999e-02 4.2900000000000001e-02 3.0200000000000005e-02 0
0 4.2390530000000003e-02 4.0665000000000007e-02 4.2612765000000011e-02 4.0442764999999999e-02 0
0 4.2706275000000002e-02 3.6083674999999996e-02 4.2799999999999998e-02 3.5989950000000000e-02 0
0 4.2479999999999997e-02 3.5448290000000000e-02 4.2479999999999997e-02 3.5580830000000008e-02 0
0 4.2642755897416548e-02 3.8212776920039056e-02 4.2655532747252756e-02 3.8199999999999998e-02 0
0 4.2400000000000000e-02 3.7005839999999998e-02 4.2400000000000000e-02 3.7100000000000001e-02 0
0 4.2242611875871298e-02 3.6814291875871298e-02 4.2400000000000000e-02 3.6971680000000000e-02 0
0 4.2214160000000001e-02 3.6785840000000000e-02 4.2242611875871298e-02 3.6814291875871298e-02 0
0 4.1894160000000000e-02 3.6443240000000002e-02 4.1987885000000003e-02 3.6349514999999999e-02 0
0 4.2185000000000000e-02 4.0015000000000002e-02 4.2185000000000000e-02 4.0459470000000004e-02 0
0 4.2100000000000012e-02 2.9855530000000002e-02 4.2100000000000012e-02 3.0499974997118148e-02 0
0 4.2074990000000000e-02 3.2174989999999994e-02 4.2100000000000012e-02 3.2200000000000006e-02 0
0 4.1900000000000000e-02 3.1500000000000000e-02 4.2100000000000012e-02 3.1300000000000001e-02 0
0 4.1900000000000000e-02 3.2000000000000001e-02 4.2074990000000000e-02 3.2174989999999994e-02 0
0 4.1115000000000013e-02 3.0284999999999999e-02 4.1822234999999999e-02 2.9577765000000009e-02 0
0 4.1900000000000000e-02 3.1500000000000000e-02 4.1900000000000000e-02 3.2000000000000001e-02 0
0 4.1894160000000000e-02 3.6787365463722396e-02 4.1894160000000000e-02 3.6971680000000000e-02 0
0 4.1894160000000000e-02 3.6443240000000002e-02 4.1894160000000000e-02 3.6575790000000004e-02 0
0 4.1799999999999997e-02 3.7100000000000001e-02 4.1894160000000000e-02 3.7005839999999998e-02 0
0 4.1370530000000003e-02 4.1685000000000000e-02 4.1950000000000001e-02 4.1105530000000001e-02 0
0 4.1335540000000004e-02 3.9520000000000007e-02 4.1427769235314743e-02 3.9427770257928443e-02 0
0 4.1600000000000012e-02 3.5400000000000001e-02 4.1600000000000012e-02 3.5500000000000011e-02 0
0 4.1399999999999999e-02 4.0899999999999999e-02 4.1744469999999999e-02 4.0899999999999999e-02 0
0 4.1335540000000011e-02 3.9799999999999995e-02 4.1799999999999997e-02 3.9799999999999995e-02 0
0 4.1200000000000001e-02 4.0700000000000014e-02 4.1399999999999999e-02 4.0899999999999999e-02 0
0 4.0984020000000003e-02 3.9520000000000007e-02 4.1100000000000005e-02 3.9520000000000007e-02 0
0 4.1450000000000008e-02 3.5650000000000015e-02 4.1600000000000012e-02 3.5500000000000011e-02 0
0 4.1115000000000013e-02 3.1000000000000000e-02 4.1115000000000013e-02 3.3384999999999998e-02 0
0 4.1115000000000013e-02 3.0599996560920339e-02 4.1115000000000013e-02 3.1000000000000000e-02 0
0 4.1115000000000013e-02 3.0284999999999999e-02 4.1115000000000013e-02 3.0599996560920339e-02 0
0 4.0799999999999996e-02 4.0700000000000014e-02 4.1200000000000001e-02 4.0700000000000014e-02 0
0 4.0540529999999998e-02 4.1685000000000000e-02 4.1370530000000003e-02 4.1685000000000000e-02 0
0 4.0899999999999999e-02 3.7700000000000004e-02 4.0899999999999999e-02 3.8100000000000009e-02 0
0 4.0850000000000025e-02 3.7650000000000024e-02 4.0899999999999999e-02 3.7700000000000004e-02 0
0 4.0399999999999998e-02 3.4100000000000012e-02 4.0500000000000008e-02 3.4000000000000002e-02 0
0 4.0499999999999994e-02 4.0400000000000005e-02 4.0602010000000001e-02 4.0297989999999999e-02 0
0 4.0700000000000014e-02 3.6999999999999998e-02 4.0700000000000014e-02 3.7499999999999999e-02 0
0 4.0700000000000014e-02 3.6400000000000002e-02 4.0700000000000014e-02 3.6999999999999998e-02 0
0 4.0600000000000004e-02 4.0899999999999999e-02 4.0699999999999993e-02 4.0800000000000010e-02 0
0 4.0650000000000006e-02 3.8950000000000005e-02 4.0899999999999999e-02 3.8700000000000005e-02 0
0 4.0155530000000002e-02 4.1299999999999996e-02 4.0540529999999998e-02 4.1685000000000000e-02 0
0 4.0399999999999998e-02 4.0899999999999999e-02 4.0600000000000004e-02 4.0899999999999999e-02 0
0 4.0200000000000014e-02 3.7899999999999996e-02 4.0249999999999987e-02 3.7949999999999977e-02 0
0 4.0199996666703715e-02 3.9299990000000000e-02 4.0300010000000011e-02 3.9299990000000000e-02 0
0 3.9850000000000003e-02 3.7899999999999996e-02 4.0200000000000014e-02 3.7899999999999996e-02 0
0 3.9600009999999998e-02 3.8899990000000002e-02 4.0000013333314821e-02 3.8899996666833338e-02 0
0 3.9499997782014663e-02 4.1299997782014666e-02 3.9999999323301942e-02 4.1299999473763831e-02 0
0 3.9600000000000003e-02 3.7649999999999996e-02 3.9850000000000003e-02 3.7899999999999996e-02 0
0 3.9200000000000006e-02 3.8500000000000000e-02 3.9600009999999998e-02 3.8899990000000002e-02 0
0 3.8944450000000005e-02 4.0100000000000004e-02 3.8954570000000008e-02 4.0100000000000004e-02 0
0 3.9200010000000000e-02 3.7649999999999996e-02 3.9200010000000000e-02 3.7700000000000004e-02 0
0 3.8749510000000008e-02 4.0294940000000001e-02 3.8944450000000005e-02 4.0100000000000004e-02 0
0 3.8554569999999996e-02 4.0899999999999999e-02 3.8734509999999993e-02 4.0720060000000009e-02 0
0 3.8634320000000000e-02 3.7465690000000003e-02 3.8745399999999999e-02 3.7354610000000003e-02 0
0 3.8400010000000005e-02 3.7700000000000004e-02 3.8634320000000000e-02 3.7465690000000003e-02 0
0 3.8554569323311923e-02 4.1299994583168916e-02 3.9499997782014663e-02 4.1299997782014666e-02 0
0 3.7200000000000004e-02 4.1299990000000002e-02 3.8399999323312027e-02 4.1299994060183191e-02 0
0 3.8088520000000001e-02 4.0515000000000002e-02 3.8399999999999997e-02 4.0515000000000002e-02 0
0 3.8000000000000006e-02 4.0515000000000002e-02 3.8088520000000001e-02 4.0515000000000002e-02 0
0 3.7600000000000001e-02 4.0899990000000004e-02 3.7984990000000003e-02 4.0515000000000002e-02 0
0 3.7034320000000003e-02 4.1465689999999999e-02 3.7200000000000004e-02 4.1299990000000002e-02 0
0 3.6950004999999994e-02 4.1550005000000001e-02 3.7034320000000003e-02 4.1465689999999999e-02 0
